Number of units in hidden layer:  5
Train Accuracy:  0.23603333333333334
Test Accuracy:  0.2399
Training Time:  24
Confusion Matrix: 
 [[   0.  112.    4.    0.  862.    4.    0.   11.    0.    7.]
 [   0.  147.    1.    0.  849.    0.    0.    2.    0.    1.]
 [   0.   15.   26.    0.  948.    3.    0.    2.    0.    6.]
 [   0.  165.    1.    0.  830.    0.    0.    2.    0.    2.]
 [   0.   19.   14.    0.  956.    2.    0.    0.    0.    9.]
 [   0.    4.    0.    0.    0.  181.    0.  804.    0.   11.]
 [   0.   89.   29.    0.  850.    8.    0.   10.    0.   14.]
 [   0.    0.    0.    0.    0.    0.    0. 1000.    0.    0.]
 [   0.  114.    2.    0.  116.    6.    0.  339.    0.  423.]
 [   0.    4.    0.    0.    4.   38.    0.  865.    0.   89.]]
Number of units in hidden layer:  10
Train Accuracy:  0.5970166666666666
Test Accuracy:  0.5909
Training Time:  30
Confusion Matrix: 
 [[844.  16.  37.  88.   3.   0.   0.   2.   8.   2.]
 [ 16. 932.  15.  30.   6.   0.   0.   0.   1.   0.]
 [ 67.   2. 827.  15.  74.   0.   0.   0.  14.   1.]
 [124. 169.  24. 669.  10.   0.   0.   1.   2.   1.]
 [ 28.  14. 724. 118. 103.   0.   0.   1.  11.   1.]
 [  1.   1.   0.   0.   0.   0.   0. 527.   0. 471.]
 [305.  12. 575.  54.  17.   0.   0.   2.  35.   0.]
 [  0.   0.   0.   0.   0.   0.   0. 924.   0.  76.]
 [ 57.   2.  93.   8.   5.   0.   0.  98. 687.  50.]
 [  0.   1.   0.   0.   0.   0.   0.  75.   1. 923.]]
Number of units in hidden layer:  15
Train Accuracy:  0.61645
Test Accuracy:  0.6138
Training Time:  29
Confusion Matrix: 
 [[790.  14.  41. 113.   0.   0.   0.   2.  38.   2.]
 [ 17. 931.  22.  27.   1.   0.   0.   0.   2.   0.]
 [ 25.   2. 922.  14.   4.   0.   0.   0.  32.   1.]
 [ 92. 136.  26. 725.   6.   0.   0.   0.  15.   0.]
 [ 33.  10. 791. 111.  25.   0.   0.   0.  30.   0.]
 [  0.   0.   0.   2.   0.  12.   0. 494.   5. 487.]
 [243.  11. 588.  78.   6.   0.   0.   0.  74.   0.]
 [  0.   0.   0.   0.   0.   0.   0. 878.   0. 122.]
 [  3.   2.  28.  17.   0.   2.   0.  28. 911.   9.]
 [  0.   0.   0.   2.   0.   0.   0.  53.   1. 944.]]
Number of units in hidden layer:  20
Train Accuracy:  0.69575
Test Accuracy:  0.6929
Training Time:  35
Confusion Matrix: 
 [[816.  11.  15. 110.   9.   5.   0.   1.  32.   1.]
 [ 12. 929.  14.  31.  12.   0.   0.   0.   2.   0.]
 [ 43.   2. 546.  16. 359.   0.   0.   0.  33.   1.]
 [ 65.  34.  12. 839.  33.   0.   0.   0.  16.   1.]
 [  1.  15. 124.  79. 758.   1.   0.   0.  22.   0.]
 [  2.   0.   0.   1.   0. 292.   0. 449.  16. 240.]
 [256.   3. 188.  89. 380.   2.   1.   0.  81.   0.]
 [  0.   0.   0.   0.   0.  10.   0. 890.   0. 100.]
 [  2.   2.  19.  20.   4.   2.   0.  20. 927.   4.]
 [  0.   0.   0.   1.   0.   3.   0.  63.   2. 931.]]
Number of units in hidden layer:  25
Train Accuracy:  0.704
Test Accuracy:  0.6973
Training Time:  39
Confusion Matrix: 
 [[833.   7.  20. 103.   8.   5.   1.   2.  20.   1.]
 [ 15. 918.  16.  43.   6.   0.   0.   0.   2.   0.]
 [ 58.   2. 662.  14. 229.   2.   1.   0.  31.   1.]
 [ 78.  23.  21. 844.  25.   2.   0.   0.   6.   1.]
 [  7.   8. 297. 113. 553.   2.   0.   0.  19.   1.]
 [  0.   1.   0.   0.   0. 422.   0. 332.  27. 218.]
 [286.   4. 366.  77. 209.   5.   1.   0.  52.   0.]
 [  0.   0.   0.   0.   0.  13.   0. 872.   0. 115.]
 [  6.   2.  17.  24.   3.   6.   0.  18. 921.   3.]
 [  1.   0.   0.   0.   0.   2.   0.  48.   2. 947.]]
